44 190
lpbuye 2 2615
idxcor 1 5116
weszhmblwhhldnancgig 2 9790
yjonlzotglgtb 2 2613
ccboabtjzrkfezvyp 1 1953
qsuagdfaznusghvnu 1 2937
dwjafp 2 4292
ungppqcxxxqxx 2 7714
nagpgwnolyotczcbztw 2 8066
pytrb 2 5241
nemfvnwr 2 5125
olsnftjpmlzaistnln 1 9288
cuevfprjpja 1 5926
ztlvuqcayw 2 9252
ehvrfejda 1 5404
jt 1 351
lnanuilljsupvjzbs 2 9277
gsczigoyqmpnu 2 8460
zhmdgfcumoopi 1 3342
yzksmin 1 2274
bnkyikrn 2 9175
kjtzb 2 8458
eecfzgiecvuzhzq 1 6907
cyjda 1 7320
jihqwlvmncxr 2 1752
mygpp 2 5131
lzbkrl 1 9185
nqliushrucz 1 1533
gm 1 3942
xhtxgfdyispiuecmke 1 4516
fxmoeyhhqchvgyvta 1 3639
cuyqdmgnydu 2 8327
lxiwxyphrwegjlb 2 8556
bwqmim 2 9566
wlupl 1 2073
usxjhhdwnbd 1 8032
oeidrehwbipeuuwdqmp 1 1379
fbwdivn 2 4023
nfamyzjm 2 9707
p 2 6039
lxuipubziydgiymhk 1 8321
odfdzrotydpitehcuiex 1 5929
stculnefcpvrlwsgoagx 1 3348
uopngrzksnsyyv 1 239
13 842 773
4 886 922
37 316 369
42 606 479
0 551 687
39 940 89
38 101 129
25 50 782
26 917 140
42 368 231
20 2 666
31 206 511
22 571 554
16 458 283
4 328 591
40 297 962
7 146 915
35 286 701
1 851 755
8 579 369
7 994 956
31 251 564
4 66 321
1 231 598
42 370 25
24 362 820
15 537 400
39 765 784
9 357 471
37 621 775
20 555 757
15 650 255
42 575 647
9 657 73
1 721 52
0 852 692
11 716 987
12 832 182
14 596 22
29 197 476
32 173 11
34 373 786
24 39 229
6 226 800
24 891 114
26 260 199
43 291 450
9 580 368
35 41 972
18 743 646
11 320 658
42 22 363
37 562 368
8 309 544
34 461 557
17 220 561
36 40 983
24 108 619
15 525 632
27 790 62
11 882 423
39 461 468
40 670 407
33 386 262
14 56 763
2 986 922
18 688 506
25 571 516
7 864 735
25 502 410
17 504 593
25 705 728
30 727 961
34 691 719
3 681 970
16 646 848
11 783 217
38 917 899
15 122 913
19 66 23
31 76 942
23 246 722
7 949 762
9 989 632
17 939 869
17 371 545
11 585 399
23 151 593
1 624 853
34 449 672
33 530 536
36 519 674
15 713 13
27 632 903
25 506 492
30 359 763
20 39 281
30 211 194
18 689 261
40 739 509
22 15 43
17 415 921
30 944 152
27 88 896
31 197 696
25 52 431
22 922 177
43 732 662
17 566 769
4 317 261
10 760 521
15 336 437
6 131 922
5 129 847
0 373 421
16 321 243
34 48 46
40 602 710
10 798 820
12 720 559
32 350 544
37 579 262
35 870 348
2 751 887
0 497 39
21 659 643
29 674 885
17 187 37
33 713 453
28 803 515
2 132 15
20 305 357
33 597 200
15 938 446
27 531 42
29 603 561
4 212 870
10 247 461
13 525 95
11 457 150
30 643 353
29 550 288
15 25 111
15 99 130
40 297 286
0 107 874
24 732 757
11 445 928
25 753 385
10 385 776
3 506 808
31 490 710
7 964 985
30 263 939
14 438 903
27 524 876
2 965 562
39 175 85
15 43 74
26 854 395
0 820 497
15 954 548
38 685 278
19 291 88
24 508 201
31 346 297
23 485 403
33 504 597
23 894 412
29 583 378
2 513 269
14 994 310
18 121 34
10 48 250
6 328 850
31 146 300
22 39 828
4 997 227
42 312 742
3 725 785
34 599 431
29 219 103
3 896 237
19 477 489
33 796 374
14 128 356
7 725 770
16 571 342
4 331 758
24 185 98
