32 198
nsvbpqqfrodzs 2 7168
njxxrwqmkmzipoqirwdo 1 5494
onotabyowjodwrvbb 1 3587
ylse 1 9541
gzaluwhpdffwa 2 3773
vpnwzjkobrhlx 1 7055
o 1 26
tlfxgghjjb 1 8982
gsyuyuqctdfh 2 7780
s 2 4666
vuoczqrwjsyjijep 2 8295
ktcwlyiyjvs 1 4248
rfmwfkzeppodqwdoadn 1 3635
x 2 9443
eaagwkenijanojg 2 2849
yyh 2 2324
gloeslmvfodjfaqr 2 6071
dfdjcgyroccbuyou 2 7630
iffnaqxhdvwsteryrtcr 2 2284
ovsk 2 8721
ypsmnzrh 1 1993
vrioyrprqaji 1 3919
hzgletgzrgknnodwjlf 2 6892
kbscleorvdrdxaiosrhg 2 7441
uzcudjfpqv 1 9262
hmpoekkjwqv 1 6483
zebgsmjccxzalrvw 1 7852
vzzokebh 1 5574
haawgwxudeqlrobeje 1 9800
pqkedfrzyeebod 2 5099
stdnoamfzrfbosesnm 2 4064
lpxbdxasbclbugss 2 1154
8 942 820
17 479 611
29 954 149
6 461 236
25 700 944
6 655 561
30 224 168
14 757 536
23 41 430
21 252 840
20 469 834
5 675 247
22 988 16
28 548 784
30 381 686
28 121 643
6 201 982
3 388 464
19 186 966
28 582 181
6 189 756
16 239 335
16 530 322
5 762 859
7 195 616
1 853 632
23 595 211
6 520 36
23 277 777
2 854 914
30 648 787
0 605 235
2 98 219
9 911 991
18 397 432
29 560 123
3 669 300
12 120 638
31 730 383
11 587 99
3 567 787
10 548 238
23 702 955
3 657 968
19 685 260
0 899 869
30 323 896
9 518 606
11 211 262
7 868 273
23 987 10
21 164 283
21 377 287
26 38 717
18 49 402
29 252 463
7 65 869
22 866 203
22 948 108
29 765 784
30 876 549
4 872 850
6 119 896
28 171 480
8 888 762
29 810 291
21 164 520
11 909 680
0 868 979
9 122 175
11 39 304
15 536 193
16 948 122
31 204 579
8 718 8
2 746 760
20 482 552
22 811 601
1 260 484
18 182 501
8 409 89
30 414 604
28 212 797
5 857 583
6 312 850
5 606 869
12 489 966
6 931 584
30 795 964
23 235 958
28 191 49
27 322 849
24 13 59
17 832 788
23 896 393
11 646 406
31 380 70
21 806 876
2 750 210
16 257 783
10 127 84
5 50 334
22 289 791
30 492 915
27 327 529
14 77 733
13 348 185
22 35 14
6 34 134
4 686 929
10 75 527
13 163 946
13 220 498
11 810 486
7 394 214
30 147 617
7 724 833
12 777 349
25 238 188
28 688 884
16 86 993
8 596 15
30 531 274
13 293 564
21 162 944
10 191 738
0 158 408
7 2 248
20 245 698
7 939 679
16 494 19
12 489 966
29 881 464
6 221 35
23 275 31
14 345 168
1 958 483
27 224 276
0 226 687
15 728 688
4 527 271
28 501 206
20 506 216
20 835 366
26 488 612
28 844 721
8 833 951
8 781 21
24 958 137
28 735 322
17 669 926
26 435 371
8 513 6
28 376 665
15 721 701
27 725 181
12 562 223
12 578 144
3 354 565
8 521 137
1 965 311
30 411 698
10 304 861
2 187 127
25 168 638
23 49 580
4 832 456
27 775 566
27 445 69
22 666 386
14 272 146
12 692 231
17 943 483
24 752 12
8 547 874
29 356 510
18 616 794
8 418 644
20 253 187
11 280 924
24 572 512
25 829 648
10 677 5
3 882 26
23 969 937
2 155 218
19 431 855
3 729 50
20 440 115
1 856 913
24 589 569
14 732 192
9 876 499
18 134 336
15 309 912
20 899 67
0 911 473
6 609 189
