26 640
ihrfksuv 1 1167
nc 2 1326
movvb 2 3341
sshlsdlaneyvuhfwbx 2 8711
jpqrqvd 1 1657
yzuucpdowerxy 1 5552
uokzxctkdoxea 2 4900
nucbjbtck 2 200
dutohnmqzaf 2 5615
jf 1 178
gqjtusqgubpxidgnh 2 1699
yfdrerxhemdmzu 1 2341
aee 2 8107
iittsfirhaqxfrkgdspz 1 4184
wnkktuoo 2 4620
gsueut 2 4070
yibblotq 1 6418
eizyxthpgvatvmyswr 2 2155
gjoqhjrb 2 546
jlxg 2 7428
itmixwec 1 8768
ffvqb 1 8756
dixlofskeyvdgdprug 1 4292
isewutez 1 951
zdhfbijcaek 2 111
lfmqgxkgsvfxwwh 1 8682
23 510 141
19 964 326
0 584 124
11 883 65
15 723 94
10 295 530
17 567 422
20 67 881
10 756 546
5 131 148
7 94 793
3 266 801
10 101 79
25 358 494
3 881 472
19 11 441
10 410 262
4 460 551
6 359 507
17 701 741
14 156 111
11 394 844
11 5 375
18 391 367
4 720 841
5 93 839
8 630 6
19 618 992
10 924 899
15 340 600
16 455 790
20 586 91
4 515 924
8 19 558
21 883 425
4 794 972
24 471 392
13 833 419
21 56 705
18 424 767
8 762 751
7 110 645
14 586 549
17 268 991
10 279 931
12 505 13
9 174 872
18 691 37
3 10 113
11 787 780
17 236 172
23 433 813
22 202 445
7 409 442
14 386 263
9 237 675
19 49 451
1 888 720
10 54 68
25 414 761
5 169 471
13 537 967
21 572 449
2 951 622
3 901 502
14 396 673
23 508 867
23 890 688
2 45 756
3 960 731
2 810 133
5 556 676
14 172 364
12 219 781
5 146 650
9 968 51
0 463 648
7 60 634
4 671 782
14 77 736
23 182 118
18 427 406
9 700 160
6 160 860
8 361 598
8 651 943
22 596 322
13 162 862
25 69 214
12 642 528
4 612 51
7 969 308
19 221 928
4 683 832
15 224 731
13 852 791
19 962 897
16 956 827
21 460 941
24 141 190
4 690 605
21 937 740
6 845 989
5 287 207
0 288 896
13 458 128
1 815 2
19 746 98
0 442 522
24 975 22
12 834 290
11 37 658
13 122 31
1 568 797
25 579 154
23 85 996
24 711 445
17 777 906
18 195 529
13 503 749
17 902 56
12 484 524
3 772 727
8 257 526
16 650 217
17 498 703
3 312 615
15 687 540
19 554 416
16 230 915
9 955 731
20 898 883
21 911 352
25 810 645
5 292 859
4 1000 601
13 11 84
7 481 17
25 726 325
18 536 463
0 224 115
14 949 175
19 248 321
14 110 126
24 234 187
12 951 510
24 824 524
3 947 702
14 844 292
6 54 243
19 146 676
2 18 664
4 542 131
15 237 252
17 753 759
25 880 455
13 63 876
4 480 713
4 426 811
4 327 776
5 809 23
2 153 933
12 518 30
12 864 855
9 380 921
12 526 549
4 127 575
1 34 739
15 305 435
20 847 59
16 643 607
17 544 614
23 469 704
19 54 290
13 777 268
8 981 665
5 202 443
2 633 567
1 518 555
25 607 227
13 372 788
4 393 544
2 468 638
9 534 816
7 429 87
17 495 852
25 6 974
20 177 946
2 915 94
10 750 113
14 282 406
1 977 179
17 184 873
0 886 974
3 471 366
12 558 494
11 208 225
1 478 638
8 62 262
19 936 582
6 164 817
20 677 847
19 615 502
20 328 106
5 277 153
6 552 759
1 650 704
16 653 250
25 650 718
9 287 74
4 920 417
17 374 555
8 585 485
2 577 751
24 191 724
15 546 954
22 571 767
4 27 191
13 82 384
20 807 444
19 567 34
19 9 557
0 479 412
5 17 974
23 889 728
15 732 152
8 781 702
20 550 477
24 75 626
10 351 44
14 380 574
23 944 375
1 378 814
23 603 763
13 610 137
16 489 916
6 156 632
18 113 196
6 482 224
15 337 963
3 83 374
15 649 448
18 343 951
5 606 263
2 119 830
24 819 678
4 296 530
3 639 960
10 401 900
1 90 869
13 130 96
24 542 725
17 502 990
22 104 340
18 50 299
13 32 786
25 19 869
13 743 471
9 349 505
0 346 316
22 618 229
24 138 661
13 740 144
17 294 393
0 878 295
20 515 774
3 342 163
9 461 204
8 904 80
19 588 53
25 626 17
12 401 276
24 832 878
10 738 701
19 565 573
24 193 19
17 354 900
16 790 279
14 547 674
19 330 756
15 255 521
16 328 471
16 921 567
2 435 637
23 420 79
9 502 908
16 292 466
22 944 633
0 319 408
0 693 255
5 374 634
21 825 386
8 959 616
15 235 561
21 102 86
5 295 156
12 309 435
20 218 551
1 187 223
21 192 357
9 75 71
9 409 267
11 177 758
6 521 93
16 392 334
10 291 52
1 18 733
7 837 244
0 189 595
2 649 638
13 982 538
3 592 268
24 982 401
6 100 608
24 508 411
3 86 355
7 659 268
24 184 197
10 576 132
21 845 43
15 176 796
2 993 218
11 939 705
0 608 179
11 444 507
14 939 749
20 449 834
5 411 746
25 119 261
6 11 95
10 514 185
11 274 385
14 838 662
10 787 73
5 240 599
10 247 222
10 347 371
12 923 539
1 907 873
2 201 513
3 733 445
25 264 223
9 671 858
10 281 741
21 679 720
9 887 467
1 882 989
24 777 855
15 96 42
9 379 419
9 967 713
16 270 983
25 524 113
19 540 255
25 759 266
17 261 341
10 40 964
12 737 705
13 732 770
15 90 950
25 182 655
11 257 242
20 437 134
14 749 994
23 472 723
8 459 604
5 216 337
24 424 849
21 727 671
21 638 928
7 836 567
23 586 237
21 460 58
12 442 191
7 409 832
2 238 919
11 133 352
16 380 603
10 683 140
20 983 640
11 609 491
1 489 816
22 773 785
10 391 1000
5 291 789
24 506 643
20 753 730
7 643 937
13 965 692
7 171 697
12 562 732
0 212 550
13 486 813
25 633 775
0 846 522
0 529 101
13 739 346
25 309 278
22 514 961
25 617 809
23 662 775
24 212 671
21 61 445
10 889 535
21 211 139
18 249 535
3 357 97
8 69 637
7 823 837
15 683 994
14 187 312
23 128 822
1 778 352
6 162 822
8 502 323
13 893 56
2 39 551
12 324 942
6 775 358
17 402 975
1 195 230
21 416 170
25 158 503
11 839 176
0 210 368
9 404 44
8 63 936
10 538 314
8 65 609
7 664 852
8 859 444
18 148 956
22 187 699
3 864 512
21 818 617
19 646 904
22 932 400
17 326 423
25 495 350
18 964 797
14 804 651
19 402 161
21 164 133
13 478 210
5 877 344
24 440 961
4 428 727
9 831 873
6 959 544
16 701 481
25 909 401
17 936 738
17 475 848
4 686 879
22 197 498
8 239 15
0 838 567
9 177 769
15 630 876
24 428 6
3 74 711
7 565 117
17 852 587
11 498 662
7 456 91
4 103 748
11 544 276
11 998 751
7 644 460
25 889 175
23 294 756
9 978 862
22 311 510
18 431 822
4 307 897
16 160 539
4 917 534
17 939 221
23 651 794
15 951 997
23 808 660
4 605 325
24 272 742
22 72 419
13 902 230
22 115 270
6 813 538
19 73 503
7 242 582
8 766 634
16 133 63
3 133 470
23 509 782
9 738 234
9 153 778
1 721 47
4 828 625
17 4 534
6 975 206
19 797 778
7 977 426
13 176 653
9 113 985
17 983 337
17 263 192
18 583 506
16 336 318
8 608 941
9 78 304
22 168 382
21 27 485
21 493 994
23 798 365
12 674 824
19 999 588
23 36 666
0 938 499
22 514 483
17 462 994
1 83 537
20 36 207
4 247 973
8 513 344
3 51 752
20 563 552
23 364 698
15 339 117
15 248 506
17 714 488
5 584 513
16 936 131
0 926 728
10 972 445
2 567 358
21 941 822
14 624 518
25 262 290
19 204 233
5 730 142
18 639 932
0 103 627
9 521 748
18 120 450
19 324 832
11 210 324
4 235 666
13 366 654
8 85 49
6 1000 680
22 23 254
16 501 957
24 129 936
4 184 880
8 700 230
25 78 275
23 715 746
21 733 934
21 990 270
2 388 31
1 2 870
24 45 676
24 177 787
20 855 690
2 763 475
6 437 114
16 204 244
5 907 553
1 1 728
14 382 898
20 335 416
1 88 713
23 595 177
15 977 794
1 34 523
12 353 772
22 796 374
6 532 519
20 459 373
21 753 370
4 109 466
19 684 851
2 321 675
3 84 564
1 708 293
20 532 211
18 93 132
14 60 111
10 68 254
13 133 198
17 760 467
6 516 730
4 767 902
20 495 213
14 657 142
24 998 135
14 916 920
23 9 425
20 962 798
17 209 762
15 795 608
15 164 219
11 95 840
1 152 250
21 316 670
12 745 50
11 315 649
11 75 851
4 343 903
0 951 459
20 588 801
2 671 479
14 583 326
4 782 987
11 377 609
7 104 483
8 319 271
23 883 486
17 984 62
9 678 315
7 6 574
2 311 620
11 482 400
19 22 926
17 66 292
2 317 314
6 855 942
18 907 542
6 144 430
15 610 506
4 435 899
22 275 647
16 854 592
16 233 748
3 690 11
17 780 746
8 737 209
12 426 482
0 975 476
17 139 913
14 143 921
