56 412
pfulv 1 3135
tsmiafshaiskxcs 1 1799
ftaginoayzu 2 2958
azyzmpn 2 1122
edxoxuzyqnrohrbisqmv 1 6111
kdbadjjfbzsmefyo 2 2103
bnj 1 2090
nzvegapz 2 6912
nkqnslvppdtjmc 2 9167
uih 1 6809
dfkeiiylah 2 8589
fjiszddv 1 6555
cqhungsbyyksrcgol 2 7483
hilyhiwusxz 1 4443
bvc 1 1197
hqumdffsrxwzria 1 4401
lvmhfi 2 648
cvw 1 7967
cregny 2 7863
jmjvzai 1 4464
sxme 1 6149
rokktguks 2 7755
rzyci 2 3641
xsvoldxvsmndvrhgmfd 2 236
mssgrrg 1 4550
aymxvdjixt 1 5834
zfjqlebwfjvpt 2 926
wgglnvzieqnb 1 8443
ghjemvovfhonxn 2 2126
dfrqjydpule 2 3168
njr 2 7255
oim 1 5215
egaigmjo 2 4724
kqghi 2 9527
wvvinu 2 3029
ifv 1 8482
tepllauldnxbzja 1 2292
djmwfgwpkdqdkuwlwczu 1 3749
x 1 8203
zkcrjnl 2 1368
wlwfcjjpiyczxgkci 2 1592
keghqxxyktn 2 3323
drfr 2 3164
xrmwdmyqudthuayejla 2 9068
npnzi 1 8989
rqrflrfa 1 4317
pijiohnaklhy 1 2091
caskdkxbne 2 1215
msvakq 1 2905
bezrpponc 1 411
jcfmdjahe 1 291
vuhgzjwdyyhgcgek 1 6641
shoyjzwmdogoe 1 7476
vgnctv 2 1581
ixbtvmxcadlaihucmpp 2 342
wjmx 1 4673
46 654 276
36 654 328
41 355 293
54 973 611
51 380 603
28 66 682
32 647 196
16 718 926
22 581 339
10 536 654
31 905 171
18 699 467
44 132 144
40 634 593
19 246 146
31 546 400
38 787 637
29 203 969
51 914 900
18 821 595
44 754 348
21 790 818
11 565 942
52 794 466
43 574 974
41 853 467
0 395 996
2 691 410
24 726 703
0 633 397
52 371 696
45 991 11
11 65 7
5 142 670
5 192 124
25 567 214
34 69 239
16 518 710
28 145 866
18 423 544
50 874 901
30 238 699
34 687 201
39 545 343
11 220 408
13 587 110
48 242 429
8 283 666
14 319 921
5 783 680
25 172 411
52 752 754
51 855 697
40 42 13
15 811 179
25 944 538
37 630 947
50 805 270
35 602 124
17 407 95
24 154 859
9 435 540
40 974 95
39 503 547
47 15 989
8 606 763
24 730 748
7 144 208
31 51 659
35 604 217
46 209 332
37 515 783
40 350 891
4 295 727
54 852 740
12 468 520
51 1000 62
15 297 66
14 438 107
40 545 749
16 74 25
46 344 509
51 347 816
24 698 541
24 568 562
29 378 194
37 435 876
45 278 660
29 362 780
35 570 571
33 787 453
21 887 271
7 347 706
29 838 230
17 947 637
45 22 292
16 790 490
30 609 902
25 697 59
33 228 440
16 604 96
34 555 215
12 398 151
43 863 887
29 961 318
44 14 239
49 253 970
18 526 483
21 455 900
1 940 850
7 745 974
0 811 679
39 860 314
6 398 516
42 37 603
23 434 375
55 991 34
40 494 99
20 542 994
32 343 568
6 267 177
21 161 922
22 813 507
18 236 196
35 135 152
47 566 677
31 958 656
3 910 41
19 782 155
32 664 34
42 524 346
47 502 321
8 553 674
27 353 77
3 204 670
42 693 375
39 324 446
43 964 401
36 975 818
22 607 332
45 556 620
13 368 711
39 281 264
33 609 437
31 243 545
43 975 266
21 601 579
21 838 529
20 394 138
33 654 266
5 497 721
20 84 785
48 103 199
1 683 671
38 622 923
29 240 920
37 185 628
35 90 238
2 544 829
20 269 271
37 76 907
37 297 485
8 544 737
2 851 832
11 733 691
53 230 163
50 904 127
18 329 891
54 910 957
55 728 182
4 343 34
20 907 406
50 613 269
14 193 279
15 310 368
12 618 703
28 714 653
14 146 984
14 445 210
17 361 194
43 744 230
5 126 441
40 951 470
48 543 814
39 705 603
49 313 286
51 422 404
14 170 105
31 586 355
33 285 140
26 233 584
17 769 264
37 158 189
20 698 335
8 633 908
55 974 661
40 50 289
46 975 507
30 126 541
15 981 975
29 140 898
32 436 878
54 231 305
35 346 24
26 324 575
9 996 730
19 975 554
10 685 827
4 690 725
52 2 407
55 323 875
17 427 619
13 261 429
7 297 179
8 176 227
52 897 734
37 870 852
31 131 778
13 46 957
27 616 29
51 802 309
28 144 396
30 326 875
6 290 275
19 353 516
30 446 8
50 167 220
24 147 98
30 436 523
19 411 696
20 21 435
45 304 239
34 795 574
1 910 820
48 864 387
43 547 715
43 784 532
27 833 558
20 444 70
14 705 154
16 875 13
55 941 423
43 998 423
44 663 527
7 148 847
31 557 402
32 413 503
19 640 886
13 874 919
34 158 513
31 724 81
25 548 630
55 216 22
15 619 532
54 285 361
20 167 692
41 196 800
30 115 98
45 977 355
2 818 988
7 177 664
11 552 657
40 224 863
13 276 214
14 636 356
16 60 966
17 863 892
54 41 650
54 144 649
31 237 57
43 762 364
34 531 265
4 152 595
53 606 27
54 158 850
33 179 814
49 773 487
17 476 730
46 601 420
7 579 944
4 436 882
20 857 770
19 205 494
35 512 257
1 553 528
16 795 463
24 991 844
21 143 312
46 172 222
14 792 820
16 458 492
19 995 876
42 684 627
18 295 151
37 594 918
40 476 890
44 76 797
5 885 685
53 988 414
31 575 857
53 617 508
4 919 240
17 868 485
15 936 243
0 534 842
38 512 483
0 560 604
46 334 502
39 546 875
36 36 884
11 74 472
51 408 321
6 716 105
33 140 50
35 180 526
40 858 889
29 940 218
29 87 285
10 967 269
34 983 436
21 952 134
28 529 158
17 432 472
50 485 381
33 538 516
12 273 427
9 706 943
32 458 272
3 30 327
9 521 832
11 251 223
30 137 301
26 739 393
12 607 683
35 722 171
41 766 265
44 584 831
21 19 87
24 314 539
4 55 880
30 671 964
17 769 129
1 897 96
16 19 745
23 307 122
43 199 595
5 947 695
53 316 713
1 972 681
8 419 189
44 962 231
13 73 408
33 331 506
34 105 655
2 475 508
12 592 530
2 668 880
9 82 119
24 578 822
46 372 102
39 355 635
38 488 690
32 328 451
5 94 55
42 392 999
55 989 669
37 108 468
22 989 382
25 452 704
22 202 837
38 105 24
33 710 934
7 768 686
37 248 423
49 843 875
48 716 164
31 548 30
46 74 127
36 221 323
0 345 300
9 814 968
16 53 829
19 9 972
22 185 188
27 275 336
28 194 736
53 386 566
27 555 238
24 932 860
28 982 951
29 358 216
23 302 871
52 61 448
9 851 690
37 581 311
4 850 522
14 948 43
52 411 901
19 564 38
38 754 116
9 994 650
32 393 203
54 856 675
47 948 457
34 149 236
35 800 437
53 836 584
25 833 738
52 166 795
21 877 951
14 830 975
30 810 716
