99 797
aknngyzqnkzunnz 2 3082
ineovddjncsrafb 2 6781
eok 2 7454
qdljxki 1 1435
qzhzbeuu 1 1267
bylbmn 1 7605
ixfgmdnuluoltbh 2 2997
lrj 1 9006
eyk 2 8939
tdlrt 1 155
bctgzxggcazvrdmemury 2 1999
bpstfylcyrhu 2 9087
qbkrtkjvhjfuclgzx 2 7129
rhnwo 1 8377
utyiyygjhygenmmx 2 6473
bvc 2 6017
bjsahnreu 1 2885
uxmwofpli 2 5131
xwvmly 2 7030
tgrpb 1 3855
hwpsqsalnuz 2 9643
dfbakiuwvxyopooxpymq 1 3058
ysd 1 1119
rbmzxjemmglzhqama 1 7067
nkpzximfwdq 1 7182
ytchrcjn 1 3554
frhsjkatfsxdb 2 7024
vxuzfeqbpiq 1 3100
gvwxnufgysua 1 1384
duboxqjhdzys 2 6403
betmjwc 2 6267
tjkxdrjqhypuj 1 7328
aeporrquyqi 1 2494
ijjjsnsrpjj 2 2111
jqmneepitnkbj 1 6375
mzzrkdvnypluge 2 4157
odfyzukdybnaxqdq 2 5520
z 1 4606
ocmwwcezzivcvnjix 1 4683
mqvkcvurpbjyckjtpwgr 1 2548
uacy 2 1824
rdohffrgf 2 581
gg 1 995
ihhbhhw 2 3911
opxmmipsluywaxy 1 6847
ilbjqbnptutpcn 2 1149
vhctjymcrfykenacm 1 1923
cwnornprxzrcile 1 9751
xo 1 4733
xgbvcrmm 1 3148
smeetmofzwfaxtkopzmn 1 2447
rowqifogpzcplkjlm 1 7292
nxln 2 7809
rleplezwgfrfohslok 2 425
exjocfdtxyjvkex 2 458
azhscdmbeugrqtrkftqp 2 4646
eydzdyfluabqlyghtzry 2 9471
dfqfgbelc 1 1275
bbbpbcznxzjixekz 1 3648
uhdhhk 2 3716
vjbwdgkuresgfsamhhzo 2 4321
pdtxixirnttcgt 1 677
zdqueukujminsun 1 1995
hvvzvcnow 2 2206
xqy 1 6776
bwanayhisey 2 2712
uxxuvsjz 1 2427
ivfs 2 7466
timqswzzojwtnqjwml 1 191
gtwh 1 220
yewedbb 1 8163
btqnidehxsm 1 5006
qfuerjb 1 59
rdccze 1 2008
piifjkbj 2 7633
ak 1 2841
wn 1 7612
ifnzqoiv 2 9751
keixnrkmdbumnyqtxce 2 562
qrs 2 3622
f 1 2397
b 2 3515
lewpjlwmxvxwpymx 2 5348
lzfcibauhacwpfnsbe 2 5962
pwcapesidwaxrsf 2 7630
feos 1 7156
e 2 4584
hjcgcqvmvuqozkqlwdh 2 4319
yrrbbhvvxtba 1 1616
vxjqzfcksc 1 9911
fumdpzavkpt 1 8668
rxxolo 1 458
axgjvmgbrwo 2 8557
gjsotrvwoynn 2 4678
tvoosxgw 2 2143
buiszsmqiphtcmyqoqo 1 1833
zrgrcaxckxtib 1 7001
vzzkdncg 1 1912
qtewwomrmxvfvt 1 165
49 552 890
28 300 429
3 163 538
66 390 324
0 605 337
10 49 71
29 332 1
67 333 121
20 795 604
92 625 545
13 703 494
5 879 957
83 862 427
47 204 207
3 119 448
81 935 289
81 601 824
69 827 203
11 794 853
34 526 693
48 239 419
37 643 90
80 898 785
22 174 43
75 960 605
90 973 370
40 719 28
92 71 289
59 728 960
31 384 182
75 8 131
43 876 900
86 983 364
25 890 433
52 182 128
69 124 22
45 505 894
12 396 93
13 559 774
38 154 586
40 704 703
35 625 488
45 181 402
66 77 413
67 47 119
41 657 914
96 225 141
36 130 635
34 374 96
52 206 357
70 885 930
9 941 971
75 148 848
76 548 386
68 441 184
86 330 551
88 659 26
73 477 516
93 957 971
54 994 93
67 607 317
98 725 215
9 550 609
21 40 235
58 171 827
16 295 808
95 725 724
33 610 168
69 781 199
12 1 330
18 532 169
97 66 197
74 688 143
29 804 429
1 981 195
28 495 544
98 402 479
67 532 500
25 355 325
13 695 950
41 762 759
10 872 418
77 29 287
63 469 370
38 68 249
14 471 563
65 477 765
24 469 964
61 237 294
13 390 87
4 595 258
22 144 905
88 371 486
79 366 790
12 783 4
73 157 100
77 993 68
5 159 339
73 601 277
98 152 977
82 593 516
25 469 159
11 607 396
9 592 590
33 129 326
4 347 532
66 732 699
68 348 14
95 960 534
74 742 29
84 270 709
42 15 427
12 778 644
3 401 473
79 381 290
33 612 401
63 217 976
69 419 214
41 994 849
7 13 843
84 645 840
53 276 171
96 851 114
33 35 203
29 851 156
5 536 156
94 229 614
30 730 432
79 182 804
51 892 187
92 419 52
18 797 630
96 194 487
36 764 338
57 187 923
30 556 531
47 532 935
29 915 136
82 96 136
15 263 54
79 61 884
22 179 528
87 797 178
84 117 869
16 860 567
12 699 857
0 872 462
70 389 996
62 495 916
33 240 947
82 994 392
56 526 517
42 696 74
98 392 164
96 851 46
27 107 887
85 992 200
28 226 502
70 39 603
46 455 443
96 515 880
59 672 580
1 716 428
6 312 670
21 143 295
34 1000 241
22 578 782
90 898 400
93 314 54
81 679 431
72 736 15
46 419 309
17 14 589
96 183 911
79 351 60
47 691 748
69 723 155
90 725 480
84 608 294
93 480 646
63 20 464
33 99 226
45 854 693
78 453 457
41 171 959
1 891 701
7 260 740
79 80 641
2 161 329
28 312 518
88 153 529
89 542 701
13 451 148
53 252 246
39 354 602
89 718 257
62 704 409
57 751 240
28 138 412
16 409 904
29 747 770
12 916 631
58 830 27
3 94 985
27 989 153
79 680 727
6 387 136
86 907 89
93 967 195
84 546 609
17 14 561
56 490 917
12 316 223
17 932 518
3 395 294
29 794 516
20 211 333
91 982 790
72 935 340
6 47 887
90 438 77
33 895 454
7 864 437
36 955 521
78 451 470
16 282 461
50 78 399
48 722 158
64 693 335
80 518 448
48 367 930
44 162 327
98 540 11
81 594 178
45 816 33
87 882 339
95 330 390
63 746 436
57 911 494
6 544 366
64 600 970
7 502 128
51 779 208
81 571 877
58 750 6
14 202 275
47 33 576
42 617 194
49 801 106
71 595 450
76 234 84
82 810 816
24 27 67
16 784 734
56 778 13
15 919 438
57 560 117
25 818 76
91 169 745
86 578 167
47 304 381
98 911 189
28 82 513
61 391 2
64 702 323
24 234 866
69 844 255
68 928 77
43 935 13
24 145 616
29 220 882
51 23 441
86 607 572
92 276 860
16 825 862
87 303 7
52 63 750
37 309 978
54 498 577
36 761 102
79 338 470
32 509 869
13 496 906
13 547 280
33 19 879
47 948 251
29 676 962
45 557 29
75 951 249
81 539 486
71 462 125
21 111 793
77 628 763
77 657 309
17 413 887
56 411 739
25 539 793
70 607 491
18 352 505
21 919 67
10 441 784
78 412 648
73 751 474
95 280 912
40 969 101
16 533 488
66 530 351
16 866 111
65 48 481
59 951 770
60 437 302
37 631 174
56 114 398
6 830 718
57 40 350
78 901 90
47 807 508
72 487 170
82 90 123
41 100 234
31 998 903
16 833 780
50 990 790
37 966 445
95 42 711
64 729 638
4 370 909
58 930 466
40 801 582
98 491 761
26 929 508
9 73 234
67 721 273
26 333 326
56 993 180
57 200 575
73 131 131
20 524 800
56 661 364
68 959 21
8 352 12
61 410 594
98 20 454
12 875 476
27 7 969
61 929 121
27 773 163
52 27 925
42 939 951
62 854 972
75 169 242
16 69 520
15 693 55
76 169 446
2 726 32
39 193 403
24 162 61
67 336 43
31 742 118
16 490 912
19 465 630
8 577 965
31 138 439
58 992 468
51 401 464
54 938 751
84 283 36
60 684 145
54 499 115
83 423 14
22 732 727
23 856 441
43 219 182
80 91 173
95 929 828
84 719 639
80 459 867
41 927 616
41 913 869
18 756 218
82 201 442
92 639 732
55 283 867
15 78 505
42 565 571
36 415 256
76 670 672
18 572 719
95 975 473
81 86 104
88 52 564
57 121 975
7 306 238
52 717 589
29 624 295
7 863 863
48 403 208
48 561 639
52 172 227
51 276 839
90 510 428
0 116 351
94 883 683
20 264 604
60 351 683
67 932 654
17 144 620
10 4 343
16 185 951
77 392 795
74 95 728
89 328 465
62 616 235
36 390 282
39 176 89
41 796 399
22 831 922
93 510 70
17 986 227
0 414 467
7 259 475
94 474 646
51 801 256
72 595 724
29 427 135
32 363 64
13 208 765
73 252 527
71 667 658
97 547 760
96 513 889
43 259 616
96 850 641
30 644 472
61 168 69
96 616 965
56 569 913
16 579 336
34 170 883
15 157 472
81 983 204
74 554 205
65 666 867
77 209 993
77 631 544
92 806 579
45 638 902
15 504 265
1 359 977
69 984 498
89 569 604
93 524 816
6 811 841
76 687 911
29 82 171
8 328 703
37 150 955
50 65 98
22 847 384
57 253 724
22 141 490
35 219 709
0 679 824
52 380 175
10 541 243
86 273 712
48 813 865
12 503 246
65 539 320
23 707 312
45 794 573
2 282 45
44 897 853
27 595 647
10 808 373
42 133 181
11 125 876
96 485 218
26 935 403
44 897 405
98 690 607
14 782 927
49 541 710
87 761 178
64 167 77
21 725 837
57 219 31
27 675 854
28 799 386
34 991 16
1 518 103
63 262 619
20 98 870
46 838 119
84 725 920
63 496 149
42 872 33
57 29 482
13 616 327
83 661 295
25 909 392
69 448 529
32 812 842
18 788 538
68 256 59
16 151 811
30 16 221
70 34 95
55 370 546
48 125 345
18 792 206
60 860 611
85 767 296
26 465 459
56 805 752
93 764 144
22 942 89
56 700 595
68 920 769
10 84 418
9 865 424
20 618 518
62 408 57
51 590 836
41 465 1000
65 676 344
26 959 933
3 223 605
65 438 999
78 919 144
15 947 255
76 341 533
36 709 160
88 978 68
80 515 144
31 718 821
33 134 866
32 196 968
14 971 309
71 601 749
85 668 165
58 524 355
26 735 9
60 482 793
10 743 645
87 418 977
47 228 845
90 747 479
61 427 908
71 602 355
67 402 679
44 114 781
20 388 306
9 158 874
32 510 779
84 836 199
37 814 458
8 434 224
50 206 539
90 332 535
90 750 774
96 699 513
79 494 629
6 452 571
1 448 609
84 129 281
72 863 806
92 142 304
70 249 123
97 414 627
45 363 229
80 765 830
9 514 73
96 114 990
0 353 125
27 863 660
32 23 533
84 45 868
49 270 812
58 964 564
7 839 652
65 71 868
85 166 507
9 283 618
74 532 206
26 513 648
88 816 784
28 907 226
31 789 669
45 38 993
28 564 195
48 768 565
79 890 380
62 903 261
20 680 72
77 8 166
32 792 440
21 840 865
73 218 381
14 929 937
32 341 582
20 964 304
71 365 987
35 893 699
5 287 832
34 635 197
82 244 926
60 836 988
24 441 28
56 702 884
38 702 801
13 503 799
9 375 43
74 395 559
59 519 327
41 64 20
23 59 484
17 169 42
55 258 902
98 498 746
18 327 207
52 889 346
85 491 198
93 480 277
72 791 797
92 364 439
10 890 831
93 107 365
90 271 812
42 874 651
29 756 961
84 554 774
24 765 196
97 292 137
34 978 887
19 243 174
44 140 232
10 147 978
58 690 953
60 319 827
27 758 421
22 911 621
68 567 252
83 410 311
65 902 9
37 899 672
84 101 351
48 276 762
35 436 402
51 929 582
30 318 96
34 252 510
9 956 608
67 612 92
69 226 66
4 534 977
13 433 74
81 810 943
47 357 721
18 616 748
48 998 814
50 53 35
80 159 609
9 527 14
39 759 935
63 142 145
58 547 574
77 22 146
39 184 243
74 752 404
48 519 129
39 854 9
22 802 728
30 236 787
24 278 261
91 452 943
97 342 506
26 261 226
24 720 821
37 338 738
20 940 300
15 81 659
34 919 916
83 173 806
14 530 656
40 390 296
48 450 375
58 250 913
75 26 933
82 732 178
42 927 811
44 249 483
87 345 977
54 167 277
22 679 449
81 394 725
63 970 480
36 844 882
65 60 778
34 615 536
58 5 831
81 375 571
90 392 500
34 172 909
66 710 85
41 495 296
76 228 354
42 633 839
23 462 578
40 933 804
90 761 324
96 632 671
95 785 561
45 589 558
74 597 387
13 368 418
44 286 192
73 962 198
62 1000 223
83 601 95
90 77 231
21 255 943
49 502 123
43 918 235
3 799 57
80 76 209
36 647 60
56 755 455
98 155 89
41 486 734
92 865 572
4 499 416
81 75 759
12 527 647
33 391 321
14 921 860
91 523 898
45 420 12
30 179 906
43 384 232
80 978 159
10 852 375
65 673 584
51 936 106
3 810 906
14 479 816
32 650 309
9 762 929
50 53 190
15 140 45
30 985 842
63 514 43
51 212 89
56 445 118
52 115 524
84 447 420
16 162 780
81 461 456
15 573 604
37 812 474
97 795 647
24 666 932
19 474 110
32 543 819
58 643 45
89 111 414
5 723 199
96 747 22
71 960 792
75 488 319
22 381 20
95 580 177
51 712 101
11 664 982
44 165 184
7 824 892
77 226 507
5 535 923
87 438 323
32 840 304
80 566 753
38 496 540
54 636 597
80 921 69
89 477 154
37 807 609
12 775 667
82 285 155
47 53 653
44 809 214
54 96 230
1 822 21
45 875 830
73 247 855
22 338 728
98 229 727
46 810 258
