16 766
grlysqe 2 9419
nchnlonrvmvnqwozug 2 2938
okuvvzpvt 2 7726
gicuujqowhbgmqus 1 3257
arbdeso 2 8720
fphdrr 1 3066
izlwmnhlz 2 671
jz 2 4304
pwozofwf 2 9220
xklbqxrjivdpadrgf 1 7729
huinoferobjwfm 2 3657
xg 2 5784
jizqbvww 2 484
w 2 2784
otmumcqzayomo 2 4341
ehqfpoxznpod 2 2064
9 196 417
13 219 120
9 606 600
13 919 573
6 721 716
8 929 850
6 696 658
0 78 117
7 737 37
15 37 872
9 964 335
7 367 382
15 139 430
4 733 501
12 527 691
2 413 694
0 971 901
11 626 34
10 492 689
5 450 2
8 868 878
10 402 795
7 423 667
13 573 371
1 146 237
4 484 255
4 980 768
2 821 571
10 689 984
11 532 535
9 664 4
1 968 987
11 414 219
14 963 69
14 812 532
2 640 920
12 735 606
11 201 55
14 47 511
2 973 244
3 23 325
6 414 529
0 423 484
6 236 245
15 603 675
0 372 817
11 881 95
11 126 462
14 658 500
13 996 65
6 494 743
3 668 279
9 769 951
14 28 669
2 140 415
14 490 699
9 307 226
3 53 477
0 710 629
1 506 753
0 291 479
11 132 373
13 966 308
14 891 807
8 619 928
5 267 175
8 262 89
2 874 808
5 828 238
2 442 765
3 549 296
5 264 449
2 16 871
8 437 503
9 706 982
10 321 652
1 954 740
0 125 367
12 16 502
5 570 959
4 306 379
1 887 534
6 286 730
14 325 814
8 617 232
1 611 290
6 49 592
11 433 370
2 45 537
13 269 772
9 751 663
11 358 710
15 53 647
14 956 972
12 411 315
7 730 845
7 201 131
1 680 30
0 885 359
12 607 204
12 341 765
4 914 923
9 142 94
2 147 333
13 551 16
5 224 390
5 298 397
7 79 580
13 131 615
15 381 905
11 868 839
0 314 156
8 485 462
15 905 791
4 108 131
13 327 462
11 540 940
1 259 394
0 199 423
0 261 831
11 847 255
14 135 369
8 115 843
1 872 85
12 685 622
4 656 566
11 239 226
5 372 922
14 666 928
5 354 56
10 434 572
0 312 765
8 730 723
1 317 281
13 904 953
3 302 574
14 119 611
9 355 615
7 63 361
1 644 336
12 821 747
8 240 768
2 613 947
5 363 360
14 960 318
11 742 41
12 602 313
6 67 328
0 483 36
7 129 507
1 702 400
1 300 533
5 191 170
12 267 847
10 370 564
12 949 971
12 84 811
7 841 337
6 808 739
8 345 748
15 46 108
14 387 203
2 125 592
8 301 411
5 52 801
6 104 280
2 924 486
10 44 755
10 663 518
10 482 772
13 894 126
0 481 555
8 93 383
3 515 360
12 64 675
8 227 9
6 119 270
0 874 611
0 743 474
9 135 976
1 775 292
11 351 322
10 503 145
1 504 250
15 868 618
12 100 605
7 929 224
14 172 673
12 546 724
6 919 711
2 440 641
11 869 705
2 366 757
1 410 253
15 787 408
2 953 917
2 848 369
3 1 476
4 586 253
4 883 206
15 245 108
2 689 486
15 847 134
9 137 522
14 934 906
6 824 734
14 867 494
0 165 78
13 181 684
3 444 309
6 625 86
10 94 117
14 635 461
9 87 496
3 881 656
4 558 329
2 885 200
4 970 467
12 822 289
8 724 125
4 234 701
7 998 327
0 649 492
13 387 406
10 439 25
2 591 110
1 178 813
11 428 395
8 121 719
12 922 863
3 832 399
9 677 719
13 359 288
1 577 46
15 982 332
14 982 274
5 589 758
2 961 279
2 479 782
1 729 294
2 110 461
0 5 662
13 928 587
6 883 365
11 743 461
5 586 154
9 500 869
13 121 925
7 221 410
9 632 587
12 87 100
7 641 926
11 337 770
3 921 72
9 194 555
7 170 706
14 794 490
15 494 12
14 806 217
1 49 628
15 267 437
1 695 783
0 838 704
4 937 657
7 252 166
3 743 652
8 418 854
6 267 502
5 768 208
6 24 521
13 816 331
11 610 64
13 318 332
5 755 239
6 541 314
15 220 555
15 559 610
5 296 501
4 223 637
11 814 436
1 511 654
13 379 745
2 714 96
15 897 329
2 964 990
9 911 294
12 51 571
10 910 165
8 450 278
3 337 5
8 867 249
10 112 158
14 304 144
8 628 235
12 255 431
13 973 830
15 575 505
10 275 599
7 147 395
15 881 450
5 101 944
9 971 415
9 18 2
2 465 402
12 610 915
7 734 236
9 939 971
11 330 863
0 993 628
15 579 341
5 341 196
15 90 209
11 903 299
6 725 83
8 131 617
7 670 535
0 500 212
8 850 699
12 838 18
11 856 17
9 254 525
14 61 510
9 757 208
4 227 545
9 611 872
10 305 405
3 411 480
12 749 184
6 325 727
1 655 516
0 108 54
9 153 603
15 972 462
13 573 625
12 359 445
2 997 587
8 616 579
15 485 914
15 266 944
15 3 304
13 287 702
9 497 224
12 151 426
12 189 5
10 355 764
11 404 107
7 199 206
8 656 745
10 820 255
15 133 747
8 535 818
6 856 418
9 172 734
15 398 306
9 100 623
8 537 953
8 160 499
15 206 226
8 665 776
4 904 821
1 607 798
8 990 274
11 732 480
1 90 364
7 457 590
4 446 508
3 926 830
11 242 637
4 193 908
9 251 585
0 935 687
2 930 157
10 704 431
4 705 485
15 258 97
13 163 500
12 755 674
8 435 78
4 969 539
12 41 272
5 552 982
12 652 151
10 832 157
6 759 638
7 246 126
14 90 790
1 735 838
14 829 741
7 18 97
3 410 305
15 154 46
13 977 29
13 222 574
0 78 608
6 89 264
11 120 859
4 469 835
5 921 995
0 956 861
4 183 559
10 409 280
5 979 670
6 391 264
3 992 434
11 354 375
2 845 282
13 91 575
12 10 576
0 734 632
5 72 364
2 347 38
3 92 404
2 992 821
4 728 28
8 233 101
0 67 348
4 255 679
3 785 123
15 987 36
10 647 398
10 869 239
10 856 195
7 145 249
2 135 151
14 83 988
12 287 5
4 794 575
1 470 260
10 586 22
8 997 151
1 756 924
10 195 206
6 249 252
13 605 921
3 769 300
10 741 474
15 126 677
8 397 466
15 302 297
1 436 898
0 791 861
14 719 884
14 432 996
7 86 786
0 723 691
14 591 520
1 607 923
8 158 572
7 370 273
4 160 299
13 523 699
14 70 36
8 433 109
9 259 647
11 592 128
15 73 573
8 161 208
15 425 147
3 881 40
15 204 693
4 536 487
10 98 298
5 909 269
0 641 536
4 839 119
6 881 659
15 299 352
15 353 211
4 832 541
5 145 385
5 518 599
8 510 781
9 704 81
14 13 916
7 24 506
8 148 128
13 480 17
10 853 750
5 665 417
14 15 709
4 97 40
9 899 918
9 60 644
9 919 961
6 694 397
7 233 214
2 899 708
7 736 756
4 861 796
0 987 59
6 832 172
2 958 144
4 634 686
4 864 424
14 157 194
14 850 654
11 367 155
2 25 218
13 77 864
5 312 474
0 561 626
2 559 81
7 854 463
9 896 632
7 644 68
5 80 684
7 518 71
13 295 977
0 519 805
3 258 715
5 647 536
14 124 342
15 477 922
5 826 924
2 268 218
0 469 947
7 166 102
5 18 517
6 713 991
3 31 236
13 168 35
2 817 608
12 654 40
0 777 489
0 693 4
2 330 234
0 227 162
7 70 425
1 885 393
6 602 859
0 427 689
2 307 669
15 395 144
5 311 409
8 704 817
14 355 324
15 250 181
6 289 536
2 801 838
4 127 33
1 230 892
11 573 215
6 412 333
11 221 860
6 243 232
6 645 585
13 938 680
1 192 352
1 133 215
2 68 675
0 126 100
6 312 807
0 482 515
0 293 48
8 444 911
7 525 462
14 51 122
4 426 74
9 661 292
0 188 22
8 948 982
15 144 870
2 756 675
2 566 902
10 58 156
10 466 30
12 640 947
0 206 941
6 464 726
7 484 697
7 648 183
3 505 438
6 675 40
5 944 34
2 925 821
9 355 62
10 963 205
8 902 366
13 520 199
0 31 359
14 283 447
14 945 746
10 205 149
1 448 437
6 646 70
3 492 322
9 250 328
11 470 787
6 903 407
3 405 592
1 557 297
5 815 897
12 700 327
12 284 476
7 868 218
9 169 850
13 281 145
4 507 472
13 776 958
4 702 141
1 950 874
3 508 354
7 672 957
10 32 487
15 881 132
5 295 843
15 461 849
1 945 121
1 799 91
4 149 229
15 249 142
12 12 367
7 560 248
11 297 632
0 348 12
13 552 372
13 314 97
9 24 495
3 54 546
15 565 832
8 35 162
13 939 469
10 289 486
12 377 68
0 670 214
2 983 368
4 69 235
9 221 647
9 854 766
15 825 732
10 771 156
0 724 96
15 188 189
8 264 397
13 424 296
15 527 152
4 486 318
0 800 209
1 515 869
15 161 152
14 590 970
14 872 951
9 759 106
10 5 22
1 654 489
1 626 705
11 993 512
9 533 877
10 194 447
6 879 905
6 972 165
6 631 679
11 999 814
1 590 5
12 894 372
4 898 563
6 630 828
10 637 268
14 348 962
15 181 809
15 238 691
6 749 651
15 298 31
3 5 167
7 739 175
6 987 209
15 51 320
7 428 693
7 125 430
10 59 998
12 646 945
13 749 621
14 587 852
7 11 895
11 379 369
4 413 159
8 431 441
4 805 80
13 609 482
8 666 556
11 348 93
0 468 786
9 232 839
2 279 572
14 963 663
7 236 119
11 308 589
12 860 910
9 814 863
15 428 968
12 496 392
5 977 374
6 219 961
9 978 719
3 261 122
4 46 184
9 871 694
4 585 379
13 79 419
11 576 864
10 973 75
4 758 749
12 140 847
5 340 829
14 848 449
2 447 117
7 9 442
11 268 685
3 433 929
3 416 546
14 286 102
14 989 412
10 656 437
15 280 249
1 784 522
1 720 886
3 327 56
2 933 969
6 709 742
1 378 319
3 805 763
1 470 629
1 301 533
12 563 55
9 696 746
6 152 359
14 186 357
4 960 799
6 410 501
6 746 551
7 399 714
15 355 933
13 956 152
9 92 203
5 281 852
2 571 911
9 646 250
4 661 837
13 998 266
0 863 279
14 779 142
5 916 181
14 32 381
13 806 855
6 972 986
0 303 405
8 504 278
7 921 729
11 607 322
14 705 929
10 421 478
5 127 8
3 264 524
2 157 398
0 118 649
11 125 133
8 962 859
5 959 201
12 9 276
3 150 815
14 358 173
15 899 574
7 927 518
2 554 365
2 74 982
10 63 962
