43 757
licmjwggt 2 5240
chzlzqlrbxsiaesajb 1 4911
gqctxab 1 9495
thyuovaydyoyvg 2 8167
xkrhopijupgebggbrc 1 9580
cvorrrwbgv 1 7900
vextfzcyyyavtjbsahiq 1 2581
hdsqluy 1 2228
mecfq 2 9298
tdhilhkqzdsamcdvgwj 2 1837
uvzqijuyknratur 2 3077
rghi 1 9320
wwvjmlxwbeedqn 1 1638
yxnjitcu 2 5187
kemmvdipmohjdwfkz 1 2002
idnggkelzintimyxgwj 1 9378
lx 1 9389
xdorp 1 2355
tvsqhexpqpldshp 2 2877
fimt 2 8037
gemdxnoludbb 1 9047
pjlmzoqt 1 6977
swoxt 2 6301
pibqcakqoupxir 1 5603
sofykvfnkcdfzmmw 1 2940
fezomxnmynyxvfdvpl 1 7013
dka 2 1886
om 2 7164
wmllouwijojbxq 2 6265
zip 2 1739
uo 1 2285
cxwwfmsg 2 1891
dvnwaczxoupp 1 3696
majudwpriszlqvoi 2 3327
lcronlobzyumxqrj 2 675
r 1 1912
pbtfxjwkzzgsw 1 4422
rrdgtuzchglhz 2 7344
dhbn 2 7645
nxmpwzwgefdvmpq 2 6408
wobsstg 2 3647
eulnqaje 1 8122
skbyhcbsfrhsbuatiz 1 9376
28 850 514
37 323 118
37 915 245
2 427 151
6 752 40
9 465 960
40 332 994
25 374 988
40 60 576
30 228 551
0 282 924
33 197 426
12 828 199
26 285 662
41 833 834
18 608 345
0 932 1000
16 965 260
33 900 775
0 873 131
31 972 957
32 571 256
8 340 356
4 980 731
0 537 691
19 393 715
2 210 818
16 597 610
0 866 226
29 221 470
5 416 214
20 865 381
6 658 556
5 273 858
0 784 695
1 143 192
9 190 517
4 568 875
36 556 125
29 353 897
0 549 810
11 516 272
42 562 328
22 510 815
42 764 542
32 642 643
32 28 211
19 360 156
28 562 777
0 488 628
33 703 228
23 565 449
23 974 476
37 316 32
20 955 620
42 536 32
31 142 353
12 465 517
35 218 555
32 232 583
17 614 817
19 430 554
11 714 544
3 29 128
21 631 316
15 514 532
28 173 24
26 114 580
42 941 371
0 454 253
17 125 802
19 766 952
34 2 42
35 183 897
36 65 264
37 682 927
30 919 859
23 862 729
5 582 375
4 283 62
40 537 617
36 713 276
2 64 105
30 754 912
42 471 85
28 842 215
16 597 705
20 373 716
15 947 529
4 852 142
35 210 812
13 998 977
26 505 884
3 607 166
19 202 406
13 867 836
35 32 372
27 142 699
32 304 482
11 553 622
20 999 362
2 177 328
6 198 875
1 113 631
38 712 114
5 775 207
4 556 754
6 336 618
0 280 132
1 370 32
15 462 900
34 242 960
1 298 629
30 841 447
11 459 188
17 936 5
5 105 98
11 933 188
8 99 297
19 943 755
2 118 196
1 237 906
15 243 626
1 927 246
27 112 284
38 733 131
9 362 261
0 432 701
2 424 474
34 474 763
15 347 512
16 672 561
23 288 531
36 98 662
21 81 495
24 526 289
42 144 589
40 455 851
42 133 372
25 350 947
19 323 962
3 912 139
8 387 200
7 150 760
23 383 258
1 585 404
39 616 571
33 850 393
6 355 394
3 866 108
40 869 355
18 578 290
33 477 159
42 745 366
30 877 109
38 863 453
41 834 10
9 472 261
41 629 610
38 966 660
0 956 680
34 786 821
4 475 468
7 581 742
12 402 352
19 945 824
0 174 394
16 779 943
29 170 173
8 731 130
42 81 56
16 312 88
2 379 601
9 302 452
29 258 265
41 954 461
36 68 933
7 482 626
16 447 342
18 14 615
16 552 600
6 293 720
6 893 565
36 158 669
10 281 923
4 194 247
15 594 558
16 461 554
5 816 423
12 406 522
37 273 837
36 611 69
30 869 882
34 70 394
27 902 775
13 312 498
0 651 713
15 729 845
18 777 446
14 411 647
7 390 300
1 160 25
25 114 823
6 919 782
19 101 791
42 768 616
5 267 515
12 321 945
0 355 414
12 890 479
38 483 216
14 663 11
30 849 809
30 719 281
27 520 433
20 410 585
25 393 503
40 612 304
19 112 930
6 704 990
23 376 797
37 459 79
34 375 932
19 733 705
2 855 94
21 736 286
4 513 549
38 939 669
20 655 684
29 890 835
5 762 126
24 183 371
2 439 607
36 979 231
42 880 795
18 211 20
37 723 133
39 587 753
5 640 988
1 803 885
26 549 83
27 845 720
13 450 476
15 811 41
17 991 516
41 464 410
24 421 362
28 379 700
17 625 988
30 134 921
18 863 990
40 565 6
34 411 593
10 656 201
40 583 885
30 123 57
17 173 756
12 795 95
22 754 863
42 797 19
11 907 774
36 477 759
29 132 605
26 508 160
39 892 141
25 811 490
6 850 605
38 321 517
2 815 797
9 897 122
32 901 764
42 867 236
21 548 701
39 84 257
24 671 943
0 697 340
29 651 616
19 448 675
17 272 752
28 868 662
18 91 729
16 551 800
23 168 384
35 608 883
0 935 815
22 721 337
35 921 61
20 939 94
31 958 874
38 518 622
15 64 927
13 326 172
17 782 704
18 386 663
12 237 690
11 412 269
7 321 464
19 501 39
26 609 179
24 409 543
28 169 610
34 422 874
17 147 218
31 934 711
17 859 503
27 833 473
42 885 909
27 480 964
35 201 672
22 963 967
25 868 982
42 641 462
6 262 61
1 807 545
18 394 663
25 628 347
15 445 102
35 824 918
33 645 988
12 348 932
8 535 224
40 912 674
0 794 401
8 491 940
23 953 266
9 604 812
3 195 342
6 223 622
42 397 213
28 677 819
39 738 774
31 357 266
37 272 814
12 602 230
21 231 282
29 468 462
41 821 94
15 227 302
5 366 586
38 415 992
17 749 246
29 659 875
9 9 147
24 667 736
31 994 377
20 281 411
11 650 670
25 275 583
24 277 475
10 807 13
30 567 356
28 898 108
14 271 983
13 665 286
7 125 491
37 907 944
33 367 547
33 916 455
10 162 508
36 197 569
8 580 163
23 995 301
26 540 696
0 137 579
16 991 615
14 207 614
3 547 672
28 8 952
18 419 177
24 488 585
2 451 775
33 360 751
26 262 711
17 193 224
41 343 69
40 939 899
36 667 517
34 266 795
26 226 216
30 536 817
30 626 788
29 475 401
27 57 549
38 562 139
15 50 569
37 140 189
3 40 824
36 249 628
27 546 904
40 660 292
24 490 355
34 873 619
16 180 634
26 362 711
27 392 991
9 436 962
11 984 373
33 966 485
26 807 226
25 362 647
24 490 207
40 880 674
26 211 515
22 737 93
41 68 59
15 26 628
34 554 881
7 512 263
10 263 518
32 175 279
32 486 177
32 914 270
4 694 382
14 599 853
28 648 611
2 71 188
38 120 302
18 519 866
11 538 306
41 31 974
24 655 552
37 740 599
23 871 337
16 902 169
41 123 28
31 741 921
35 352 342
3 355 288
28 898 574
19 775 612
4 9 689
28 56 332
39 1000 513
7 629 47
30 502 666
42 823 164
42 776 451
20 311 322
5 974 984
42 113 169
33 312 968
41 454 500
15 537 575
22 803 849
7 16 353
40 705 608
11 251 778
3 703 703
9 643 102
4 191 929
8 635 644
11 654 785
37 271 818
34 562 898
12 289 270
16 677 63
42 654 842
34 930 875
7 173 969
5 645 574
26 602 246
6 507 720
10 324 973
41 212 62
34 512 805
32 46 861
38 448 966
29 803 319
7 7 862
19 784 27
23 712 560
10 937 38
8 773 640
5 18 889
41 127 45
8 306 946
4 983 237
33 129 26
26 230 358
31 656 373
19 385 879
25 428 794
26 229 687
7 564 170
19 220 332
18 16 793
34 399 992
22 269 590
10 949 38
41 418 239
5 858 843
16 903 498
21 65 385
17 985 703
15 658 900
4 535 770
5 382 615
23 441 657
33 83 698
38 788 257
25 147 158
22 332 185
28 27 661
24 744 82
26 841 968
33 299 832
35 804 973
2 538 630
39 545 553
5 272 616
28 187 410
18 905 756
1 917 281
41 862 433
22 654 997
13 841 220
14 406 975
14 847 866
19 979 922
19 117 972
35 159 613
12 596 730
41 727 555
19 779 470
42 673 96
28 743 895
38 30 95
16 816 710
16 547 230
26 84 207
26 266 59
0 803 987
33 924 811
35 669 199
25 236 298
13 771 943
4 852 396
1 256 327
21 869 590
26 899 414
13 235 641
16 937 90
26 418 247
30 614 892
19 964 259
33 739 673
15 212 358
13 686 182
25 247 407
34 185 871
23 711 390
34 99 985
9 126 462
22 174 676
5 742 970
12 182 856
36 594 592
33 652 363
16 466 223
4 169 377
2 978 837
28 366 922
35 980 651
37 341 216
31 464 846
41 382 697
38 860 840
9 975 961
0 539 772
25 950 717
25 519 105
26 750 753
34 701 401
29 980 636
15 388 427
33 582 832
23 75 506
4 630 923
37 561 567
42 843 455
25 85 390
4 122 979
10 660 811
1 448 438
24 47 459
3 529 687
4 282 656
7 661 823
32 433 707
2 407 483
34 661 518
33 479 934
35 161 988
9 588 897
10 955 840
21 520 407
11 64 423
23 146 211
3 934 126
0 738 91
2 20 389
17 444 554
10 265 579
7 82 329
18 831 20
7 204 731
29 602 355
29 730 930
13 916 332
32 443 123
22 851 105
31 52 650
11 958 313
33 764 194
20 608 762
9 49 53
8 807 93
40 24 633
11 705 166
39 211 541
18 779 47
29 439 963
14 464 868
3 457 410
39 199 488
1 57 848
41 919 247
11 983 709
38 500 830
15 865 245
35 891 723
2 504 874
32 505 358
12 948 9
13 633 939
14 72 833
39 476 626
23 400 880
28 925 591
16 977 920
41 298 130
40 237 900
10 931 481
14 915 203
12 796 240
36 783 164
1 601 561
26 653 358
37 159 295
33 232 144
25 864 826
26 643 309
34 429 862
0 615 188
21 512 206
21 378 596
9 639 952
9 775 832
14 203 570
20 348 75
32 499 32
41 789 51
18 168 867
11 317 218
25 44 281
13 150 558
40 582 672
12 145 727
7 99 907
25 672 988
26 7 474
20 497 167
27 347 867
24 121 659
40 592 966
9 164 382
8 883 122
21 132 628
25 12 299
42 213 835
32 682 708
30 421 476
38 132 499
32 238 947
25 588 122
33 210 161
41 414 998
16 408 755
33 558 976
7 263 292
40 649 417
27 818 327
40 945 502
4 145 149
18 446 721
24 758 451
40 924 574
5 480 796
5 283 268
38 596 83
20 885 744
17 343 687
13 913 210
32 267 303
6 959 915
12 269 600
38 114 555
12 140 846
22 144 780
10 283 700
29 851 6
0 368 995
19 297 552
24 277 433
27 217 964
12 154 109
0 868 582
2 207 794
26 695 15
4 585 379
2 172 669
18 462 368
32 99 376
27 634 110
12 294 396
0 13 375
9 695 683
6 95 88
6 696 398
5 891 826
10 627 394
31 711 621
17 329 640
3 512 19
8 408 362
33 226 223
12 458 158
22 464 283
27 28 17
2 704 600
3 713 178
27 889 843
12 374 581
19 506 723
28 982 981
1 231 541
7 254 128
20 708 449
38 613 577
6 57 273
42 788 989
34 85 727
1 593 628
22 108 632
37 886 339
11 394 664
24 895 416
