1000
3
1 325
2 367
3
1 142
1 108
1 53
3
1 300
1 302
1 96
3
1 351
1 330
2 263
3
1 50
2 282
1 336
3
1 289
1 241
2 405
1 449
2 187
3
2 67
2 130
3
2 9
3
2 124
1 167
1 47
3
2 432
2 9
1 274
2 301
2 180
3
2 290
1 49
3
1 75
1 84
3
2 1
2 139
3
3
3
2 361
3
3
1 87
2 3
2 109
1 70
2 486
3
3
1 184
2 235
2 257
3
2 139
2 339
3
3
2 56
1 49
3
1 416
1 78
3
1 69
2 332
3
2 275
1 302
1 12
1 113
2 489
1 99
3
3
3
3
2 297
3
1 170
2 434
3
1 158
1 42
2 458
1 143
1 492
3
3
1 401
2 205
2 412
1 104
3
1 478
3
2 42
1 21
2 101
3
2 467
2 131
2 144
3
2 154
1 500
3
1 411
3
3
3
3
3
3
2 240
1 385
1 286
3
1 63
2 469
3
1 331
2 263
2 361
1 428
3
3
3
3
2 221
1 313
3
3
2 246
2 60
2 373
3
2 243
1 294
2 58
3
2 377
1 340
1 299
2 76
2 453
1 490
3
2 114
1 67
3
1 438
3
3
3
2 157
2 284
2 346
3
1 156
2 349
1 398
2 174
3
3
3
1 481
1 117
2 387
2 72
3
2 495
1 9
3
2 477
2 216
1 429
3
3
1 412
3
1 338
2 93
2 167
2 302
1 142
1 183
3
3
2 387
2 267
2 10
1 109
3
1 79
1 415
1 189
3
1 408
3
3
3
1 275
1 423
1 107
1 167
2 457
3
2 261
2 408
3
1 75
2 296
2 461
1 24
3
3
2 10
1 321
1 174
3
2 381
2 106
2 238
3
3
2 92
2 37
1 205
3
1 471
3
1 68
1 26
2 404
2 286
2 438
2 128
1 381
3
1 212
2 207
3
1 65
2 196
1 204
2 32
3
1 479
3
1 113
1 183
1 162
1 73
3
1 167
1 234
1 180
1 353
1 305
3
1 307
1 83
1 369
1 77
2 459
3
3
1 77
2 31
1 19
2 149
3
3
3
3
2 305
2 322
3
2 141
2 324
2 278
2 375
3
3
1 476
3
2 47
1 469
2 340
2 92
2 254
3
3
1 397
1 395
3
1 484
3
2 327
2 185
2 270
3
1 48
2 485
1 213
1 260
3
1 28
3
3
3
2 52
2 494
3
1 55
3
1 267
3
2 275
1 372
2 315
2 142
1 495
1 43
1 291
3
1 141
3
1 347
2 7
3
1 242
3
3
1 441
2 194
3
1 344
3
3
3
3
3
3
1 6
2 71
1 78
3
3
2 412
1 451
2 312
3
3
3
3
3
2 125
2 51
2 293
1 294
2 116
2 284
2 285
3
3
2 390
2 374
1 6
2 48
1 373
1 289
2 98
3
2 458
1 494
3
2 336
3
3
3
1 167
1 399
3
2 68
3
1 443
2 380
1 450
2 117
3
2 227
3
2 161
3
2 377
2 240
1 463
3
2 346
1 127
2 437
1 328
3
1 446
2 30
3
3
3
1 70
2 320
3
1 426
1 113
3
1 66
1 490
2 112
2 363
3
1 381
1 360
3
3
2 259
1 431
3
3
1 255
3
2 295
1 318
2 244
1 137
3
2 454
3
3
2 438
2 480
3
1 353
2 387
1 134
2 120
3
3
3
1 272
2 67
2 26
1 397
1 263
1 74
2 338
1 230
3
3
3
3
1 67
2 256
3
3
1 46
2 354
2 448
2 363
3
3
3
2 194
2 335
3
3
2 455
1 310
1 376
2 2
2 453
1 294
3
3
1 403
2 7
3
1 426
1 165
3
1 143
3
2 39
2 73
3
3
1 175
3
2 24
3
3
1 227
1 160
3
2 225
2 321
3
2 463
1 302
3
2 210
2 178
3
2 44
3
1 304
2 273
2 320
1 212
2 40
3
3
3
1 200
2 296
3
2 14
1 307
1 199
3
2 182
1 471
3
1 385
2 91
3
2 356
2 117
3
1 26
2 236
3
3
1 434
2 63
1 21
1 145
3
3
2 153
2 348
1 218
1 431
1 196
1 44
2 314
2 19
2 109
2 157
2 219
3
2 161
3
3
2 185
1 439
3
2 486
2 78
3
3
1 321
1 50
3
1 141
1 302
2 466
1 309
1 444
3
3
3
2 38
2 168
2 275
1 39
3
3
2 240
3
1 266
2 38
1 234
1 154
1 166
2 8
2 194
3
1 165
2 341
2 157
3
1 114
1 450
2 22
2 378
2 404
2 151
3
2 465
1 12
3
1 441
1 66
2 435
3
2 105
1 195
3
1 9
1 377
3
1 185
2 439
2 497
2 282
3
2 400
1 444
2 158
3
2 93
2 166
3
3
2 239
1 155
1 173
3
3
2 341
3
3
2 271
3
2 390
3
2 351
3
1 247
2 309
2 145
2 148
2 73
3
2 351
1 429
3
2 435
1 58
2 264
3
2 477
3
2 171
2 481
1 64
2 249
3
3
1 29
3
2 454
2 192
1 111
3
1 55
1 338
3
3
1 27
2 68
3
1 207
2 28
2 322
3
2 165
3
1 387
1 441
3
2 240
3
1 369
2 397
2 26
1 282
2 406
3
3
1 361
1 293
1 461
2 214
1 120
2 216
1 398
1 168
1 75
2 312
1 161
1 206
2 446
2 97
2 303
1 37
1 127
2 415
2 280
1 101
1 72
1 256
1 44
1 344
1 252
1 430
1 380
1 152
1 215
1 468
1 453
1 494
1 362
1 417
1 243
1 191
1 137
1 156
1 281
1 68
1 275
1 354
1 5
1 354
1 174
1 341
1 343
1 226
1 311
1 285
1 375
1 326
1 43
1 8
1 204
1 50
1 439
1 389
1 119
1 244
1 234
1 314
1 166
1 485
1 175
1 256
1 458
1 481
1 246
1 119
1 60
1 88
1 484
1 20
1 421
1 457
1 45
1 366
1 62
1 291
1 156
1 328
1 421
1 64
1 461
1 151
1 390
1 91
1 474
1 350
1 464
1 477
1 170
1 35
1 406
1 304
1 314
1 153
1 452
1 232
1 186
1 269
1 12
1 296
1 491
1 175
1 420
1 336
1 367
1 197
1 390
1 415
1 149
1 388
1 141
1 259
1 101
1 262
1 233
1 99
1 78
1 467
1 231
1 328
1 271
1 189
1 254
1 328
1 478
1 271
1 361
1 77
1 498
1 298
1 3
1 450
1 173
1 172
1 256
1 419
1 257
1 187
1 445
1 78
1 138
1 418
1 17
1 94
1 367
1 194
1 205
1 237
1 32
1 437
1 19
1 233
1 373
1 251
1 105
1 386
1 33
1 393
1 151
1 118
1 461
1 441
1 121
1 170
1 148
1 234
1 398
1 192
1 256
1 34
1 91
1 415
1 353
1 278
1 237
1 160
1 80
1 218
1 410
1 3
1 359
1 269
1 224
1 442
1 386
1 473
1 458
1 83
1 380
1 244
1 264
1 248
1 237
1 482
1 152
1 242
1 316
1 405
1 116
1 151
1 150
1 249
1 228
1 350
1 96
1 291
1 136
1 451
1 378
1 399
1 175
1 56
1 102
1 55
1 493
1 344
1 327
1 58
1 43
1 73
1 331
1 305
1 384
1 326
1 458
1 159
1 278
1 346
1 8
1 62
1 280
1 466
1 182
1 31
1 481
1 162
1 436
1 420
1 390
1 486
1 474
1 240
1 156
1 423
1 61
1 363
1 254
1 13
1 68
1 458
1 78
1 163
1 390
1 5
1 230
1 14
1 234
1 161
1 221
1 245
1 42
1 353
1 319
1 127
1 405
1 155
1 39
1 490
1 236
1 489
1 88
1 376
1 234
1 430
1 45
1 156
1 381
1 107
1 103
1 291
1 444
1 84
2 142
