1000
3
1 460
3
3
3
3
3
1 305
3
3
2 449
2 275
2 221
3
1 366
1 176
2 133
3
2 125
2 346
2 391
3
2 448
3
1 174
2 200
3
3
3
2 52
1 389
3
1 357
3
1 322
3
2 265
1 378
2 7
3
2 243
2 470
3
1 414
3
3
1 71
1 108
3
3
2 43
3
2 424
2 16
1 492
1 150
2 456
3
2 351
3
3
1 485
1 300
3
2 91
3
3
1 209
1 283
3
3
1 122
2 483
2 104
3
3
2 158
1 8
3
2 100
3
2 178
1 9
1 121
2 424
2 435
1 233
2 397
3
1 4
2 66
1 322
3
2 429
3
1 385
1 201
3
1 386
3
2 274
3
3
3
1 170
3
3
2 486
3
3
1 457
3
2 22
1 37
1 104
3
1 144
2 167
3
1 255
2 236
2 98
3
1 317
1 177
3
3
1 194
2 269
3
3
2 381
3
2 98
1 321
2 172
1 437
1 210
3
2 331
1 356
3
3
3
1 88
1 306
3
2 330
2 79
3
2 15
2 375
3
2 31
1 447
1 45
1 51
3
2 2
2 131
3
2 136
2 476
3
1 358
3
2 113
1 445
3
1 45
2 484
2 123
2 248
2 229
3
1 227
3
2 109
2 57
1 219
2 359
1 467
1 277
2 419
1 100
1 193
1 285
3
1 137
2 205
1 98
3
1 372
2 454
3
3
2 19
2 108
3
1 8
2 283
3
1 242
2 498
1 494
2 374
1 12
1 419
1 211
3
2 207
2 360
2 132
3
2 427
1 308
2 66
2 370
3
3
1 153
1 253
3
3
2 199
2 211
2 343
2 109
1 231
3
2 18
1 82
3
1 117
1 474
1 304
1 75
2 281
2 264
1 336
3
1 186
3
1 273
1 328
3
3
1 409
1 319
1 440
1 410
3
1 173
2 97
1 160
2 70
2 191
1 79
3
1 52
3
1 23
3
1 291
1 103
1 151
3
3
1 30
1 10
2 454
3
1 253
1 455
3
2 67
3
3
3
2 371
2 427
2 303
1 223
1 313
1 157
2 444
3
3
1 283
1 457
2 54
1 466
3
1 206
2 346
2 265
2 402
3
3
2 197
1 271
1 427
1 63
1 430
2 222
1 456
3
3
1 388
1 40
2 265
1 458
2 203
3
1 496
2 39
1 177
1 297
2 2
3
3
2 82
2 436
3
3
1 160
1 210
3
2 340
3
3
3
1 2
2 384
3
1 328
3
2 495
3
3
3
1 480
1 459
3
1 476
2 436
1 174
3
2 459
2 7
3
2 392
3
1 283
2 478
3
1 358
1 294
2 193
3
2 286
3
1 49
3
3
2 216
1 310
2 484
2 139
1 40
3
1 300
3
2 57
1 119
2 366
3
3
3
1 408
2 367
2 281
2 293
1 247
3
1 481
1 496
1 45
2 190
1 393
1 240
3
2 67
1 28
1 388
3
2 373
3
1 70
2 470
2 92
2 443
2 141
3
1 425
3
3
2 301
3
3
2 240
2 395
1 399
3
2 108
2 449
2 75
2 115
3
1 438
1 413
3
2 15
1 337
2 233
1 113
2 431
2 431
3
3
3
2 394
3
2 395
1 358
2 405
3
3
3
3
3
1 336
3
3
1 387
1 72
2 278
2 300
1 32
1 120
1 123
2 120
1 393
3
1 325
2 308
3
1 81
2 367
2 131
3
2 177
1 293
3
2 214
1 349
3
3
3
2 57
2 49
2 400
1 407
1 313
1 454
1 2
2 52
3
2 449
3
1 273
2 124
2 17
2 152
2 399
1 192
3
2 266
3
2 262
1 199
3
2 314
3
3
3
1 81
1 420
3
1 494
2 313
1 189
1 379
2 376
2 49
1 94
2 81
2 264
2 402
2 494
3
1 332
3
2 420
2 80
3
3
1 272
2 280
1 111
3
2 373
3
1 271
3
3
2 55
2 39
2 74
3
1 448
3
2 344
1 295
1 101
3
2 262
1 304
1 134
2 284
3
2 411
3
1 277
1 124
2 343
3
1 343
1 221
2 432
1 451
1 16
1 282
2 392
2 7
1 143
2 214
3
1 238
1 42
1 324
2 65
2 467
3
1 23
3
3
1 378
1 380
2 479
3
2 127
1 6
1 271
1 380
1 188
2 246
1 465
1 255
3
2 487
2 60
3
3
2 428
3
1 359
2 137
3
3
2 108
3
2 128
3
1 227
2 128
1 278
2 151
1 433
3
2 51
2 266
1 250
3
3
2 452
2 497
1 474
1 146
3
3
3
1 49
2 494
2 314
2 344
3
3
1 107
1 165
2 29
1 326
1 208
3
3
2 376
2 253
1 146
1 366
1 54
3
3
3
1 385
1 329
3
1 198
1 180
1 351
2 3
3
2 48
2 125
2 483
1 38
3
2 235
1 331
2 447
1 150
2 5
2 449
2 157
2 397
3
3
1 334
1 333
3
2 479
3
1 60
2 233
2 296
2 118
3
3
1 120
3
1 245
1 500
3
1 121
2 167
2 499
1 48
2 45
2 149
2 369
1 339
1 342
1 233
1 46
1 271
3
3
2 132
3
2 206
2 49
2 187
2 89
1 136
3
3
1 397
2 38
2 53
1 442
3
2 472
1 24
2 203
2 6
1 394
3
1 342
3
1 146
2 373
2 326
1 399
3
2 356
1 4
2 265
3
1 239
3
1 393
1 405
1 238
2 381
2 440
2 218
2 281
2 307
3
2 364
1 246
2 453
3
1 398
1 322
2 384
3
2 209
2 123
2 413
1 140
3
2 385
1 301
3
3
3
1 288
3
3
1 1
3
1 90
1 138
3
3
1 153
1 273
1 27
1 370
1 272
1 317
1 264
1 226
1 94
1 370
1 467
1 80
1 328
1 56
1 51
1 400
1 491
1 305
1 492
1 152
1 356
1 383
1 7
1 289
1 128
1 157
1 453
1 191
1 260
1 257
1 10
1 262
1 291
1 1
1 499
1 332
1 14
1 287
1 448
1 73
1 424
1 226
1 479
1 389
1 71
1 96
1 121
1 454
1 160
1 175
1 6
1 140
1 464
1 300
1 130
1 293
1 378
1 260
1 386
1 427
1 494
1 430
1 92
1 316
1 33
1 403
1 487
1 171
1 290
1 18
1 432
1 487
1 50
1 427
1 358
1 36
1 241
1 376
1 254
1 409
1 315
1 23
1 400
1 219
1 357
1 126
1 229
1 382
1 482
1 326
1 130
1 443
1 139
1 187
1 321
1 298
1 389
1 235
1 394
1 307
1 126
1 155
1 134
1 345
1 160
1 29
1 14
1 460
1 7
1 72
1 170
1 468
1 137
1 275
1 256
1 69
1 111
1 168
1 101
1 263
1 31
1 474
1 358
1 178
1 140
1 367
1 326
1 9
1 285
1 139
1 245
1 347
1 356
1 189
1 114
1 439
1 434
1 94
1 51
1 271
1 46
1 305
1 63
1 57
1 413
1 213
1 12
1 18
1 197
1 281
1 101
1 283
1 497
1 216
1 488
1 268
1 476
1 382
1 453
1 171
1 60
1 173
1 466
1 266
1 83
1 165
1 214
1 276
1 442
1 225
1 374
1 314
1 59
1 497
1 470
1 6
1 379
1 117
1 100
1 298
1 357
1 291
1 93
1 164
1 454
1 142
1 79
1 343
1 264
1 49
1 449
1 98
1 413
1 117
1 213
1 170
1 190
1 142
1 391
1 319
1 444
1 158
1 445
1 392
1 147
1 273
1 100
1 35
1 135
1 138
1 400
1 467
1 404
1 484
1 207
1 343
1 492
1 410
1 29
1 163
1 355
1 206
1 407
1 31
1 426
1 291
1 206
1 230
1 455
1 99
1 102
1 467
1 449
1 232
1 199
1 392
1 223
1 99
1 444
1 247
1 288
1 267
1 69
1 367
3
